3.375593423843383789e-01
5.437853336334228516e-01
7.163701057434082031e-01
3.046001195907592773e-01
-5.891407132148742676e-01
2.906165122985839844e-01
2.336883544921875000e-01
3.405991792678833008e-01
2.884045839309692383e-01
-1.792049407958984375e-01
2.251727581024169922e-01
-1.969804763793945312e-01
-8.117187023162841797e-02
5.294318199157714844e-01
-4.528093338012695312e-02
-2.647340297698974609e-01
-2.777023315429687500e-01
3.845412731170654297e-01
-2.622468471527099609e-01
4.027160406112670898e-01
-8.171331882476806641e-02
4.836841821670532227e-01
3.423107862472534180e-01
-6.461894512176513672e-02
6.489303112030029297e-01
2.755533456802368164e-01
2.560780048370361328e-01
-1.449311971664428711e-01
1.151561737060546875e-01
3.717068433761596680e-01
3.820875883102416992e-01
-6.349313259124755859e-02
2.031443119049072266e-01
3.816452026367187500e-01
-1.929484605789184570e-01
6.341218948364257812e-01
3.491950035095214844e-01
4.278969764709472656e-02
5.994319915771484375e-03
1.410996913909912109e-02
1.243243455886840820e+00
5.842394828796386719e-01
1.777861118316650391e-01
2.093125581741333008e-01
6.522786617279052734e-01
3.952116966247558594e-01
2.703326940536499023e-01
1.163005828857421875e-02
4.739273786544799805e-01
4.629322290420532227e-01
-5.894163846969604492e-01
4.515342712402343750e-01
1.715325117111206055e-01
1.386177539825439453e-01
-1.991132497787475586e-01
1.975934505462646484e-01
-2.655136585235595703e-02
2.162051200866699219e-01
3.419518470764160156e-01
9.307193756103515625e-02
9.288930892944335938e-02
1.523243188858032227e-01
3.441680669784545898e+00
-5.663871765136718750e-03
