7.198278903961181641e-01
6.116576194763183594e-01
6.929688453674316406e-01
3.625513315200805664e-01
5.322136878967285156e-01
5.119062662124633789e-01
7.705492973327636719e-01
2.048518657684326172e-01
2.267124652862548828e-01
6.050879955291748047e-01
2.137024402618408203e-01
4.761728048324584961e-01
-2.018049955368041992e-01
2.878763675689697266e-01
2.718853950500488281e-02
7.335488796234130859e-01
2.633403539657592773e-01
1.506085395812988281e-01
2.449855804443359375e-01
1.748437881469726562e-01
1.543623208999633789e-01
5.581748485565185547e-02
1.328589916229248047e-01
9.879696369171142578e-01
3.165463209152221680e-01
4.828399419784545898e-01
5.894598960876464844e-01
8.746783733367919922e-01
-8.886384963989257812e-02
7.045419216156005859e-01
-3.953015804290771484e-02
1.059992790222167969e+00
5.932357311248779297e-01
8.737008571624755859e-01
1.782432794570922852e-01
4.206857681274414062e-01
-1.219807863235473633e-01
3.541108369827270508e-01
1.099914073944091797e+00
5.215953588485717773e-01
1.215258836746215820e+00
5.450432300567626953e-01
7.150590419769287109e-02
5.909481048583984375e-01
-2.865791320800781250e-04
2.016211748123168945e-01
4.366853237152099609e-01
2.360032796859741211e-01
4.609113931655883789e-01
4.721769094467163086e-01
3.599735498428344727e-01
4.687153816223144531e+00
3.387655019760131836e-01
5.627849102020263672e-01
5.401420593261718750e-01
4.348385334014892578e-01
2.900151014328002930e-01
5.354225635528564453e-01
6.036813259124755859e-01
2.620930671691894531e-01
-2.821274995803833008e-01
3.305325508117675781e-01
2.349905014038085938e+00
2.579736709594726562e-01
