4.668235182762145996e-01
6.003077328205108643e-02
2.629189193248748779e-02
1.948727369308471680e-01
1.008912920951843262e-01
4.473160207271575928e-02
3.545229732990264893e-01
1.695918142795562744e-01
1.371529996395111084e-01
1.044513732194900513e-01
1.421605348587036133e-01
2.441820502281188965e-01
8.420427143573760986e-02
3.085112571716308594e-02
1.044998914003372192e-01
4.074916839599609375e-01
1.498845666646957397e-01
4.738001525402069092e-02
3.022896349430084229e-01
3.703027367591857910e-01
4.098795652389526367e-01
1.403655558824539185e-01
1.722735464572906494e-01
1.405264735221862793e-01
1.968440413475036621e-02
8.914209902286529541e-02
1.200371980667114258e-01
8.070601522922515869e-02
7.114629447460174561e-02
1.557437926530838013e-01
3.440062999725341797e-01
3.150191307067871094e-01
1.775396764278411865e-01
1.569930911064147949e-01
2.003249526023864746e-01
1.682270318269729614e-01
6.117765605449676514e-02
3.254966735839843750e-01
6.146773695945739746e-02
1.437707543373107910e-01
1.200763434171676636e-01
1.428941935300827026e-01
1.893918812274932861e-01
1.476204991340637207e-01
2.048585414886474609e-01
1.312767267227172852e-01
5.107134580612182617e-01
1.756822764873504639e-01
3.518820405006408691e-01
4.419674873352050781e-01
1.094353199005126953e-01
8.905313909053802490e-02
1.788212656974792480e-01
2.590899467468261719e-01
5.125091969966888428e-02
5.765378475189208984e-02
2.657507061958312988e-01
1.281240880489349365e-01
1.302500069141387939e-01
1.468629688024520874e-01
8.189582824707031250e-02
1.339653134346008301e-01
2.234278917312622070e-01
3.148685991764068604e-01
