2.611105144023895264e-02
-6.722284108400344849e-02
-8.011633157730102539e-02
-2.256451547145843506e-02
-1.354104280471801758e-02
-9.006962180137634277e-03
1.293201893568038940e-01
-3.838256001472473145e-03
2.511127293109893799e-02
5.509465932846069336e-02
4.824507236480712891e-02
-1.013492792844772339e-02
3.563109040260314941e-02
-8.011926710605621338e-02
-2.997161820530891418e-02
2.313125878572463989e-02
-4.079014062881469727e-02
-4.524911940097808838e-02
-2.567976713180541992e-03
4.615628719329833984e-02
-5.935842916369438171e-02
-7.755592465400695801e-03
-4.303596168756484985e-02
-7.356699556112289429e-02
-5.553748458623886108e-02
1.127809286117553711e-02
-5.008514970541000366e-02
2.409741282463073730e-03
-5.824961513280868530e-02
1.075541079044342041e-01
-8.011373877525329590e-02
5.155427753925323486e-02
-4.546656087040901184e-02
-4.441266879439353943e-02
2.604857087135314941e-02
1.403227299451828003e-01
-3.202219307422637939e-02
-6.507270038127899170e-03
-1.695521920919418335e-02
-5.618784576654434204e-02
-7.894624024629592896e-02
1.560307294130325317e-02
3.433667123317718506e-03
2.602834999561309814e-02
-6.438276171684265137e-02
7.375329732894897461e-03
7.725048065185546875e-02
-4.131179302930831909e-02
4.503411054611206055e-02
-4.036895185708999634e-02
-8.012419193983078003e-02
-2.302069962024688721e-02
-3.775417804718017578e-03
1.396961808204650879e-01
7.755681872367858887e-04
2.217298746109008789e-02
-9.825117886066436768e-03
-2.581642195582389832e-02
-5.003459751605987549e-03
-3.160988911986351013e-02
3.408847749233245850e-02
-3.853341564536094666e-02
-5.324320495128631592e-02
4.796206951141357422e-03
