1.9847232103347778
0.12697765231132507
2.0047168731689453
4.215452671051025
-0.22669905424118042
0.986574649810791
6.092583179473877
4.499136447906494
1.5467355251312256
2.3380496501922607
1.2239620685577393
0.5048928260803223
2.4220774173736572
2.417367696762085
1.6035122871398926
-0.29357025027275085
1.9872970581054688
2.5269176959991455
2.131368637084961
-0.20839306712150574
0.5987551808357239
1.644874930381775
5.786201000213623
-0.22935760021209717
1.628531813621521
0.8233366012573242
1.0383352041244507
0.6228733062744141
4.006056308746338
1.2369956970214844
6.438326358795166
0.9029793739318848
4.3401665687561035
0.8977574110031128
6.856823921203613
0.43156886100769043
-0.19384828209877014
0.4242534041404724
4.404128551483154
6.777607440948486
3.140293598175049
0.3229939341545105
0.5765855312347412
7.196875095367432
0.7997785806655884
3.2601137161254883
1.2902214527130127
-0.2700950801372528
-0.13621222972869873
0.4948636591434479
1.9323972463607788
-0.0628352090716362
0.4391084611415863
1.9793779850006104
0.15066075325012207
-0.29506731033325195
2.545968770980835
1.9354896545410156
4.0595526695251465
0.020719964057207108
1.3027896881103516
0.7084382176399231
0.8570187091827393
5.51346492767334
