-0.2822013795375824
-0.27439793944358826
-0.15046155452728271
-0.38488247990608215
-0.34541794657707214
0.986574649810791
-0.15263566374778748
0.6769759058952332
-0.3665573298931122
-0.31240493059158325
-0.37828752398490906
0.19509363174438477
-0.1855936050415039
-0.20128098130226135
-0.3112221360206604
-0.29357025027275085
-0.2992694675922394
0.7785472869873047
-0.31140443682670593
-0.3294689357280731
-0.18429073691368103
-0.30522531270980835
2.116983413696289
-0.4379436671733856
0.42086464166641235
-0.2718338668346405
-0.3490431010723114
0.6228733062744141
-0.22833749651908875
-0.09468290954828262
-0.2971838712692261
-0.29520896077156067
0.07719279825687408
-0.28706783056259155
1.0703197717666626
0.06906886398792267
-0.2683561146259308
-0.17442354559898376
-0.3002684712409973
-0.34053102135658264
2.5351407527923584
-0.15844497084617615
-0.23722973465919495
0.8864603042602539
-0.44567257165908813
0.56322181224823
1.2902214527130127
-0.39502254128456116
-0.3614785075187683
-0.30977022647857666
-0.3955390155315399
-0.33122801780700684
-0.25109371542930603
-0.3277814984321594
-0.28753378987312317
-0.37403228878974915
0.07249941676855087
-0.2546190917491913
-0.3481608033180237
0.020719964057207108
-0.14400264620780945
-0.29595232009887695
-0.26541897654533386
3.791055202484131
