-3.629107475280761719e+00
-1.749895811080932617e+00
-3.893416404724121094e+00
-4.199771404266357422e+00
-4.032083034515380859e+00
-4.689816474914550781e+00
-2.336321115493774414e+00
-4.006207942962646484e+00
-2.596357345581054688e+00
-3.530254364013671875e+00
-3.600769519805908203e+00
2.545123100280761719e-01
-4.576189517974853516e+00
-4.237280845642089844e+00
-4.150359153747558594e+00
-4.089927673339843750e+00
-5.033960342407226562e+00
-4.114427566528320312e+00
-4.645699501037597656e+00
-4.125888824462890625e+00
-4.946986198425292969e+00
-5.330014228820800781e+00
-3.574841022491455078e+00
-4.335103034973144531e+00
-4.518165588378906250e+00
-4.074391365051269531e+00
-5.331538200378417969e+00
-3.613430500030517578e+00
-2.943656682968139648e+00
-4.392813682556152344e+00
-3.584392547607421875e+00
-4.941199302673339844e+00
-4.125025749206542969e+00
-2.142784833908081055e+00
-2.244603872299194336e+00
-4.048733711242675781e+00
-4.936895847320556641e+00
-2.930131435394287109e+00
-2.622728586196899414e+00
-4.402268409729003906e+00
-3.681766986846923828e+00
-3.876962661743164062e+00
-4.246219635009765625e+00
-4.676268100738525391e+00
-4.167255401611328125e+00
-3.356055259704589844e+00
-4.737769126892089844e+00
-4.640997886657714844e+00
-3.725046157836914062e+00
-3.904351234436035156e+00
-3.240797042846679688e+00
-3.618089199066162109e+00
-4.607474327087402344e+00
-3.750761270523071289e+00
-4.152146339416503906e+00
-4.635946750640869141e+00
-3.809419155120849609e+00
-4.028624534606933594e+00
-4.267868041992187500e+00
-4.121341705322265625e+00
-3.436109542846679688e+00
-3.089738845825195312e+00
-4.416451930999755859e+00
-4.870125770568847656e+00
