8.447411060333251953e-01
-1.008902072906494141e+00
3.666035890579223633e+00
-8.906924724578857422e-01
-2.810815334320068359e+00
-1.473597526550292969e+00
-2.362380504608154297e+00
-3.575917720794677734e+00
2.094342947006225586e+00
-3.382614612579345703e+00
-2.810476303100585938e+00
3.194352388381958008e+00
-3.727139234542846680e+00
3.689858675003051758e+00
1.228082180023193359e+00
-9.374674558639526367e-01
9.138979911804199219e-01
-1.005899190902709961e+00
-1.775100827217102051e+00
-1.300480246543884277e+00
-2.053012847900390625e+00
-2.386682510375976562e+00
1.434043884277343750e+00
-1.960214018821716309e+00
-2.920783519744873047e+00
-3.824780702590942383e+00
1.031085729598999023e+00
-1.699629664421081543e+00
-2.938502073287963867e+00
1.779245376586914062e+00
-2.875676155090332031e+00
-2.170863628387451172e+00
1.647312641143798828e+00
2.355177402496337891e-01
4.637809753417968750e+00
-4.538543224334716797e-01
-2.604854583740234375e+00
-2.983271598815917969e+00
-7.178417444229125977e-01
6.091097831726074219e+00
-3.726387500762939453e+00
1.250684261322021484e-01
-9.892556667327880859e-01
5.151603221893310547e-01
-1.065597534179687500e+00
-2.711120843887329102e-01
-3.104293346405029297e+00
-4.216700792312622070e-01
-3.498494625091552734e+00
-3.367474794387817383e+00
-3.079386711120605469e+00
-2.037476539611816406e+00
1.034806013107299805e+00
1.604385375976562500e-01
1.232202768325805664e+00
-1.650436639785766602e+00
-1.553578019142150879e+00
8.752601146697998047e-01
3.093355417251586914e+00
-1.656873226165771484e-01
1.859445571899414062e+00
-3.876132965087890625e-01
-6.702994108200073242e-01
-2.531203031539916992e+00
